Population LAT LONG ELEVATION
Pi_1 55.06 -118.73 670
Pi_2 49.66 -110.25 1160
Pi_3 54.71 -115.41 1160
Pi_5 54.65 -118.83 1021
Pi_6 54.41 -119 1189
Pi_7 55.63 -113.45 914
Pi_8 59.7 -117.98 731
Pi_9 49.91 -114.08 1432
Pi_10 51.33 -114.58 1371
Pi_11 52.16 -115.66 1676
Pi_12 53.08 -115.5 975
Pi_13 55.25 -116.16 792
Pi_14 56.16 -118.5 609
Pi_15 56.25 -118.91 609
Pi_16 55.08 -119.41 701
Pi_17 52.63 -116.08 1520
Pi_18 53.2 -117.53 1360
Pi_19 53.73 -116.58 1000
Pi_20 53.5 -116.16 1090
Pi_21 50.66 -115.08 1860
Pi_22 58.75 -115.41 825
Pi_23 54.03 -116.06 990
Pi_24 52.96 -115.91 1067
Pi_25 53.88 -116.83 1069
Pi_26 58.63 -118.8 625
Pi_27 56.55 -119.86 945
Pi_28 57.76 -116.53 755
Pi_29 53.68 -115.83 835
Pi_30 49.66 -110.16 1299
Pi_31 49.63 -114.63 1364
Pi_32 49.86 -114 1662
Pi_33 55.71 -119.66 791
Pi_34 56.7 -119.2 1025
Pi_35 56.33 -119.95 742
Pi_36 54.76 -119.4 1016
Pi_37 54.55 -119.2 1162
Pi_38 52.65 -115.1 940
Pi_39 52.5 -115.51 1152
Pi_40 52.07 -115.48 1655
Pi_41 52.17 -115.43 1476
Pi_42 51.95 -115.21 1392
Pi_43 57.72 -119.54 964
Pi_44 53.94 -119.31 1393
Pi_45 53.91 -118.91 1207
Pi_46 53.83 -119.61 1713
Pi_47 54.26 -116.86 900
Pi_48 58.56 -119.3 645
Pi_49 57.28 -118.4 699
Pi_50 57.23 -118.25 725
Pi_51 54.36 -116.18 940
Pi_52 55.01 -115.17 902
Pi_53 54.83 -116.44 905
Pi_54 52.5 -116.02 1586
Pi_55 55.52 -113.97 853
Pi_56 49.73 -114.44 2042
Pi_57 56.63 -119.2 1030
Pi_58 57.32 -118.96 992
Pi_59 54.74 -117.39 809
Pi_60 54.4 -115.56 1039
Pi_61 52.13 -116.85 1748
Pi_62 52.1 -116.56 1944
Pi_63 54.73 -115.9 1272
Pi_64 51.57 -114.62 1200
Pi_65 51.13 -114.62 1263
Pi_66 53.05 -117.39 1707
Pi_67 49.57 -114.73 1500
Pi_68 53.33 -117.03 1140
Pi_69 52.95 -116.4 1330
Pi_70 53.27 -116.66 1060
Pi_71 53.03 -117.37 1700
Pi_72 53.12 -117.15 1400
Pi_73 50.15 -114.48 1872
Pi_74 52.93 -117.32 1870
Pi_75 53.05 -116.03 1245
Pi_76 53.75 -116.89 1219
Pi_77 56.46 -117.39 634
Pi_78 53.67 -117.45 1219
Pi_79 52.27 -115.06 1067
Pi_80 54.37 -116.77 915
Pi_81 53.58 -117.01 1097
Pi_82 50.89 -114.7 1371
Pi_83 51.7 -115.21 1828
Pi_84 49.39 -114.33 1370
Pi_85 50.96 -114.9 1737
Pi_86 57.68 -115.71 639
Pi_87 49.04 -113.53 1400
Pi_88 49.61 -110.32 1458
Pi_89 55.65 -119.27 895
Pi_90 53.76 -117.69 1270
Pi_91 53.76 -117.2 1130
Pi_92 52.07 -115.98 1738
Pi_93 52.04 -115.93 1879
Pi_94 49.64 -110.3 1398
Pi_95 58.65 -117.47 782
Pi_96 51.03 -114.77 1403
Pi_97 51.48 -115.17 1744
Pi_98 51.46 -114.73 1388
Pi_99 56.92 -115.78 777
Pi_100 56.87 -116.1 749
Pi_101 54.59 -117.15 813
Pi_102 55.91 -116.56 723
Pi_103 55.06 -128.25 152
Pi_104 50.91 -120.08 1402
Pi_105 55.58 -123.58 732
Pi_106 54.96 -127.3 427
Pi_107 50.35 -118.03 700
Pi_108 49.25 -115.7 1400
Pi_109 49.58 -115.83 989
Pi_110 51.5 -117 1400
Pi_111 52.16 -124.18 1370
Pi_112 49.1 -115.93 1300
Pi_113 50.46 -118.95 1082
Pi_114 51.21 -119.75 1650
Pi_115 54.81 -128.28 200
Pi_116 56.91 -125.05 680
Pi_117 52.47 -123.79 1400
Pi_118 53.38 -132.03 50
Pi_119 51.31 -120.32 1350
Pi_120 49.81 -119.98 1280
Pi_121 51.68 -119.58 1000
Pi_122 55.41 -120.75 1050
Pi_123 50.2 -118.46 1400
Pi_124 50.56 -120.33 1100
Pi_125 53.01 -121.11 1030
Pi_126 53.25 -125.2 1240
Pi_127 50.83 -116.5 1440
Pi_128 49.63 -118.63 1670
Pi_129 51 -122.05 1550
Pi_130 51.15 -122.18 1350
Pi_131 55.48 -127.9 490
Pi_132 54.65 -127.35 1050
Pi_133 54.81 -127.7 925
Pi_134 54.76 -127 800
Pi_135 49.26 -120.76 1650
Pi_136 51.07 -118.83 1250
Pi_137 54.31 -123.18 800
Pi_138 51.48 -120.35 1270
Pi_139 49.4 -115.95 1500
Pi_140 49.71 -118.03 1750
Pi_141 49.36 -116.66 1700
Pi_142 57.5 -130.33 800
Pi_143 57.12 -130.36 700
Pi_144 54.81 -128.75 325
Pi_145 53.86 -122.03 900
Pi_146 49.21 -117.53 1100
Pi_147 49.26 -117.98 1370
Pi_148 50.48 -115.68 1000
Pi_149 49.5 -120.95 1100
Pi_150 53.53 -123.05 765
Pi_151 52.08 -121.05 1460
Pi_152 53.06 -121.45 1300
Pi_153 49.31 -116.26 1820
Pi_154 49.61 -115.28 1100
Pi_155 49.88 -119.7 1140
Pi_156 52.86 -119.28 850
Pi_157 52.76 -119.16 900
Pi_158 56.92 -121.4 815
Pi_159 51 -122.68 1530
Pi_160 51.13 -122.58 1860
Pi_161 59.93 -129.1 880
Pi_162 58.6 -122.71 482
Pi_163 55.61 -126.05 750
Pi_164 49.44 -119.1 800
Pi_165 49.56 -118.88 1300
Pi_166 53.26 -122 1220
Pi_167 53.2 -122.66 800
Pi_168 55.9 -126.46 1000
Pi_169 51.58 -119.73 500
Pi_170 49.16 -117.8 950
Pi_171 59.53 -123.68 480
Pi_172 49.78 -120.4 1585
Pi_173 49.61 -116.01 960
Pi_174 49.53 -120.01 1910
Pi_175 51.05 -120.56 1610
Pi_176 50.58 -120.53 1325
Pi_177 49.73 -121.01 1000
Pi_178 49.2 -124.4 750
Pi_179 51.51 -123.3 1560
Pi_180 56.38 -122.88 1375
Pi_181 55.91 -122.45 1000
Pi_182 49.95 -119.28 1360
Pi_183 50 -115.8 920
Pi_184 49.05 -116.03 1100
Pi_185 51.61 -119.98 710
Pi_186 53.78 -121.75 750
Pi_187 51.16 -117.1 1890
Pi_188 49.05 -115.28 850
Pi_189 49.38 -115.68 1975
Pi_190 50.5 -122.73 650
Pi_191 50.26 -122.85 400
Pi_192 56.45 -125.65 1300
Pi_193 50.7 -119.12 800
Pi_194 50.7 -119.18 777
Pi_195 56.06 -120.28 700
Pi_196 55.33 -121.93 775
Pi_197 54.91 -121.23 920
Pi_198 53.63 -124.14 1230
Pi_199 53.61 -124.2 1166
Pi_200 54.7 -124.71 750
Pi_201 51.83 -121.38 910
Pi_202 49.43 -115.52 915
Pi_203 50 -121.08 900
Pi_204 53.83 -132.1 60
Pi_205 50.63 -126.91 150
Pi_206 51.03 -120.31 1330
Pi_207 51.15 -120.18 850
Pi_208 55.28 -129.15 300
Pi_209 52.16 -121.65 1052
Pi_210 52.23 -123.95 1040
Pi_211 51.7 -122.61 1240
Pi_212 49.41 -124.65 100
Pi_213 49.56 -119.05 890
Pi_214 50.35 -119.05 1600
Pi_215 49.23 -124.66 500
Pi_216 49.3 -124.51 100
Pi_217 49.3 -117.91 1560
Pi_218 54.43 -128.58 180
Pi_219 52.33 -122.41 912
Pi_220 51.35 -121.38 1080
Pi_221 49.9 -118.2 560
Pi_222 57.18 -122.65 1165
Pi_223 51.5 -117.16 900
Pi_224 50.06 -115.85 1650
Pi_225 49.11 -117.58 1000
Pi_226 49.47 -117.85 1780
Pi_227 49.61 -120.43 1290
Pi_228 50.86 -123.38 1150
Pi_229 52.88 -125.66 1050
Pi_230 55.38 -124.71 1205
Pi_231 52.76 -122.13 690
Pi_232 49.8 -120.7 985
Pi_233 55.06 -126.28 740
Pi_234 53.31 -122.5 700
Pi_235 51.55 -117.2 1200
Pi_236 51.61 -123.1 1300
Pi_237 55.5 -123.79 1320
Pi_238 49.58 -120.38 1000
Pi_239 50.85 -120.4 1120
Pi_240 56.21 -122.1 830
Pi_241 53.1 -122.76 810
Pi_242 52.85 -122.61 890
Pi_243 53.95 -124.6 750
Pi_244 50.95 -122.3 1000
Pi_245 56.08 -124.31 750
Pi_246 49.48 -119.31 1400
Pi_247 53.83 -126.55 898
Pi_248 53.27 -124.5 1200
Pi_249 54.89 -125.21 750
Pi_250 54.07 -127.24 835
Pi_251 50.01 -120.11 1450
Pi_252 49.66 -120.55 1450
Pi_253 53.2 -123.35 1200
Pi_254 55.02 -124.23 1000
Pi_255 49.1 -120.37 1950
Pi_256 53.35 -125.64 960
Pi_257 53.21 -124.39 1225
Pi_258 49.29 -114.9 1200
Pi_259 52.58 -125.53 1210
Pi_260 51.33 -122.55 1620
Pi_261 52.35 -122.95 1230
Pi_262 50.18 -119.67 1655
Pi_263 53.82 -123.12 713
Pi_264 53.59 -124.85 950
Pi_265 54.75 -124.12 850
Pi_266 49.5 -120.65 790
Pi_267 52.68 -122.26 1360
Pi_268 54.76 -126.88 880
Pi_269 54.79 -123.81 900
Pi_270 52.91 -119.3 1500
Pi_271 49.43 -114.78 1750
Pi_272 51.92 -123.43 1098
Pi_273 51.69 -120.06 930
Pi_274 49.72 -118.93 1800
Pi_275 49.88 -118.92 1725
Pi_276 56.05 -124.59 850
Pi_277 54.59 -123.17 778
Pi_278 50.3 -120.89 1435
Pi_279 50.35 -120.65 1590
Pi_280 56.06 -124.56 1310
Pi_281 51.79 -120.53 1242
Pi_581 47.01 -122.87 55
Pi_582 39.57 -108.19 2463
Pi_583 59.6 -128.54 957
Pi_584 42.23 -122.34 1474
